-4.7500000000000001e-02 6.5220431369079040e-02 0.0000000000000000e+00 0.0000000000000000e+00 6.2831853068555983e+00 1.0000000000000117e-03
-8.1249999999999933e-03 4.5453420619009824e-02 0.0000000000000000e+00 0.0000000000000000e+00 6.2831853060295160e+00 9.9999999999996403e-04
-1.5624999999999944e-03 4.4748646943452576e-02 0.0000000000000000e+00 0.0000000000000000e+00 6.2831853046060875e+00 9.9999999999996815e-04
-7.4218749999999459e-04 4.4727517728278224e-02 0.0000000000000000e+00 0.0000000000000000e+00 6.2831853045404982e+00 9.9999999999996771e-04
-1.2695312499999469e-04 4.4721539744242013e-02 0.0000000000000000e+00 0.0000000000000000e+00 6.2831853045223243e+00 9.9999999999996858e-04
-2.4414062499994709e-05 4.4721366213997173e-02 0.0000000000000000e+00 0.0000000000000000e+00 6.2831853045195647e+00 9.9999999999996836e-04
-1.1596679687494711e-05 4.4721361053561191e-02 0.0000000000000000e+00 0.0000000000000000e+00 6.2831853045194732e+00 9.9999999999996836e-04
-1.9836425781197129e-06 4.4721359593988617e-02 0.0000000000000000e+00 0.0000000000000000e+00 6.2831853045194475e+00 9.9999999999996858e-04
-3.8146972655721316e-07 4.4721359551622750e-02 0.0000000000000000e+00 0.0000000000000000e+00 6.2831853045194483e+00 9.9999999999996945e-04
-1.8119812011190069e-07 4.4721359550362876e-02 0.0000000000000000e+00 0.0000000000000000e+00 6.2831853045194483e+00 9.9999999999996749e-04
-3.0994415277916343e-08 4.4721359550006536e-02 0.0000000000000000e+00 0.0000000000000000e+00 6.2831853045194466e+00 9.9999999999996663e-04
-5.9604644722522852e-09 4.4721359549996190e-02 0.0000000000000000e+00 0.0000000000000000e+00 6.2831853045194457e+00 9.9999999999996793e-04
-2.8312206215442779e-09 4.4721359549995884e-02 0.0000000000000000e+00 0.0000000000000000e+00 6.2831853045194466e+00 9.9999999999996858e-04
-4.8428773351327244e-10 4.4721359549995801e-02 0.0000000000000000e+00 0.0000000000000000e+00 6.2831853045194466e+00 9.9999999999996988e-04
-9.3132252174771528e-11 4.4721359549995794e-02 0.0000000000000000e+00 0.0000000000000000e+00 6.2831853045194457e+00 9.9999999999996663e-04
-4.4237817007458914e-11 4.4721359549995794e-02 0.0000000000000000e+00 0.0000000000000000e+00 6.2831853045194457e+00 9.9999999999996684e-04
-7.5669906319744539e-12 4.4721359549995794e-02 0.0000000000000000e+00 0.0000000000000000e+00 6.2831853045194457e+00 9.9999999999996663e-04
-1.4551862360603772e-12 4.4721359549995794e-02 0.0000000000000000e+00 0.0000000000000000e+00 6.2831853045194457e+00 9.9999999999996663e-04
-6.9121068657111761e-13 4.4721359549995794e-02 0.0000000000000000e+00 0.0000000000000000e+00 6.2831853045194457e+00 9.9999999999996663e-04
-1.1822902445417291e-13 4.4721359549995794e-02 0.0000000000000000e+00 0.0000000000000000e+00 6.2831853045194457e+00 9.9999999999996663e-04
-2.2732080768015463e-14 4.4721359549995794e-02 0.0000000000000000e+00 0.0000000000000000e+00 6.2831853045194457e+00 9.9999999999996663e-04
-1.0794962807245782e-14 4.4721359549995794e-02 0.0000000000000000e+00 0.0000000000000000e+00 6.2831853045194457e+00 9.9999999999996663e-04
-1.8421243366685213e-15 4.4721359549995794e-02 0.0000000000000000e+00 0.0000000000000000e+00 6.2831853045194457e+00 9.9999999999996663e-04
-3.4998459157231119e-16 4.4721359549995794e-02 0.0000000000000000e+00 0.0000000000000000e+00 6.2831853045194457e+00 9.9999999999996663e-04
-1.6346712343528492e-16 4.4721359549995794e-02 0.0000000000000000e+00 0.0000000000000000e+00 6.2831853045194457e+00 9.9999999999996663e-04
-2.3579022332515224e-17 4.4721359549995794e-02 0.0000000000000000e+00 0.0000000000000000e+00 6.2831853045194457e+00 9.9999999999996663e-04
-2.6433881538694109e-19 4.4721359549995794e-02 0.0000000000000000e+00 0.0000000000000000e+00 6.2831853045194457e+00 9.9999999999996663e-04
-2.6433881538694109e-19 4.4721359549995794e-02 0.0000000000000000e+00 0.0000000000000000e+00 6.2831853045194457e+00 9.9999999999996663e-04
-2.6433881538694109e-19 4.4721359549995794e-02 0.0000000000000000e+00 0.0000000000000000e+00 6.2831853045194457e+00 9.9999999999996663e-04
-8.2192850409376380e-20 4.4721359549995794e-02 0.0000000000000000e+00 0.0000000000000000e+00 6.2831853045194457e+00 9.9999999999996663e-04
