0.0000000000000000e+00 -1.3483997249264842e-01 0.0000000000000000e+00 0.0000000000000000e+00 5.9412406134877527e+00 9.9999999999996307e-03
6.2500000000000003e-03 -1.3439144379662232e-01 0.0000000000000000e+00 0.0000000000000000e+00 5.9747788676843472e+00 9.9999999999996116e-03
6.2500000000000003e-03 -1.3439144379662232e-01 0.0000000000000000e+00 0.0000000000000000e+00 5.9747788676843472e+00 9.9999999999996116e-03
6.6406250000000007e-03 -1.3437134837652023e-01 0.0000000000000000e+00 0.0000000000000000e+00 5.9769118435690949e+00 9.9999999999996238e-03
6.6894531250000005e-03 -1.3436890200721371e-01 0.0000000000000000e+00 0.0000000000000000e+00 5.9771787555928233e+00 9.9999999999996238e-03
6.7016601562500007e-03 -1.3436829269089237e-01 0.0000000000000000e+00 0.0000000000000000e+00 5.9772454936336468e+00 9.9999999999996342e-03
6.7016601562500007e-03 -1.3436829269089237e-01 0.0000000000000000e+00 0.0000000000000000e+00 5.9772454936336468e+00 9.9999999999996342e-03
6.7016601562500007e-03 -1.3436829269089237e-01 0.0000000000000000e+00 0.0000000000000000e+00 5.9772454936336468e+00 9.9999999999996342e-03
6.7016601562500007e-03 -1.3436829269089237e-01 0.0000000000000000e+00 0.0000000000000000e+00 5.9772454936336468e+00 9.9999999999996342e-03
6.7018032073974613e-03 -1.3436828555586353e-01 0.0000000000000000e+00 0.0000000000000000e+00 5.9772462757438474e+00 9.9999999999996186e-03
6.7018151283264162e-03 -1.3436828496128342e-01 0.0000000000000000e+00 0.0000000000000000e+00 5.9772463409197210e+00 9.9999999999996272e-03
6.7018181085586551e-03 -1.3436828481263854e-01 0.0000000000000000e+00 0.0000000000000000e+00 5.9772463572136907e+00 9.9999999999996082e-03
6.7018203437328337e-03 -1.3436828470115492e-01 0.0000000000000000e+00 0.0000000000000000e+00 5.9772463694341686e+00 9.9999999999996082e-03
6.7018209025263781e-03 -1.3436828467328399e-01 0.0000000000000000e+00 0.0000000000000000e+00 5.9772463724892875e+00 9.9999999999996255e-03
6.7018209025263781e-03 -1.3436828467328399e-01 0.0000000000000000e+00 0.0000000000000000e+00 5.9772463724892875e+00 9.9999999999996255e-03
6.7018209025263781e-03 -1.3436828467328399e-01 0.0000000000000000e+00 0.0000000000000000e+00 5.9772463724892875e+00 9.9999999999996255e-03
6.7018209083471447e-03 -1.3436828467299369e-01 0.0000000000000000e+00 0.0000000000000000e+00 5.9772463725211109e+00 9.9999999999996446e-03
6.7018209105299317e-03 -1.3436828467288481e-01 0.0000000000000000e+00 0.0000000000000000e+00 5.9772463725330454e+00 9.9999999999996116e-03
6.7018209105299317e-03 -1.3436828467288481e-01 0.0000000000000000e+00 0.0000000000000000e+00 5.9772463725330454e+00 9.9999999999996116e-03
6.7018209105754066e-03 -1.3436828467288253e-01 0.0000000000000000e+00 0.0000000000000000e+00 5.9772463725332940e+00 9.9999999999996255e-03
6.7018209105754066e-03 -1.3436828467288253e-01 0.0000000000000000e+00 0.0000000000000000e+00 5.9772463725332940e+00 9.9999999999996255e-03
6.7018209105754066e-03 -1.3436828467288253e-01 0.0000000000000000e+00 0.0000000000000000e+00 5.9772463725332940e+00 9.9999999999996255e-03
6.7018209105761169e-03 -1.3436828467288250e-01 0.0000000000000000e+00 0.0000000000000000e+00 5.9772463725332976e+00 9.9999999999996272e-03
6.7018209105761169e-03 -1.3436828467288250e-01 0.0000000000000000e+00 0.0000000000000000e+00 5.9772463725332976e+00 9.9999999999996272e-03
6.7018209105761612e-03 -1.3436828467288250e-01 0.0000000000000000e+00 0.0000000000000000e+00 5.9772463725332985e+00 9.9999999999996203e-03
6.7018209105761724e-03 -1.3436828467288250e-01 0.0000000000000000e+00 0.0000000000000000e+00 5.9772463725332976e+00 9.9999999999996168e-03
