-3.2683022109253240e-01 -2.2500000000000003e-02 0.0000000000000000e+00 0.0000000000000000e+00 3.4187632494939293e+00 5.0000000000008891e+00
-3.2672430289853754e-01 -1.8750000000000017e-03 0.0000000000000000e+00 0.0000000000000000e+00 3.4201233141262541e+00 5.0000000000008722e+00
-3.2672356688990406e-01 -1.5625000000000187e-04 0.0000000000000000e+00 0.0000000000000000e+00 3.4201328137237650e+00 5.0000000000008660e+00
-3.2672356688990406e-01 -1.5625000000000187e-04 0.0000000000000000e+00 0.0000000000000000e+00 3.4201328137237650e+00 5.0000000000008660e+00
-3.2672356224559845e-01 -4.8828125000001887e-05 0.0000000000000000e+00 0.0000000000000000e+00 3.4201328736695462e+00 5.0000000000008660e+00
-3.2672356184475060e-01 -2.1972656250001890e-05 0.0000000000000000e+00 0.0000000000000000e+00 3.4201328788434386e+00 5.0000000000008606e+00
-3.2672356174367478e-01 -1.8310546875018922e-06 0.0000000000000000e+00 0.0000000000000000e+00 3.4201328801480630e+00 5.0000000000008660e+00
-3.2672356174297285e-01 -1.5258789062689241e-07 0.0000000000000000e+00 0.0000000000000000e+00 3.4201328801571234e+00 5.0000000000008678e+00
-3.2672356174297285e-01 -1.5258789062689241e-07 0.0000000000000000e+00 0.0000000000000000e+00 3.4201328801571234e+00 5.0000000000008678e+00
-3.2672356174296835e-01 -4.7683715822204920e-08 0.0000000000000000e+00 0.0000000000000000e+00 3.4201328801571811e+00 5.0000000000008624e+00
-3.2672356174296807e-01 -2.1457672121033048e-08 0.0000000000000000e+00 0.0000000000000000e+00 3.4201328801571860e+00 5.0000000000008624e+00
-3.2672356174296796e-01 -1.7881393451541441e-09 0.0000000000000000e+00 0.0000000000000000e+00 3.4201328801571869e+00 5.0000000000008624e+00
-3.2672356174296796e-01 -1.4901161383090215e-10 0.0000000000000000e+00 0.0000000000000000e+00 3.4201328801571869e+00 5.0000000000008624e+00
-3.2672356174296796e-01 -1.4901161383090215e-10 0.0000000000000000e+00 0.0000000000000000e+00 3.4201328801571869e+00 5.0000000000008624e+00
-3.2672356174296796e-01 -4.6566130623199530e-11 0.0000000000000000e+00 0.0000000000000000e+00 3.4201328801571869e+00 5.0000000000008633e+00
-3.2672356174296796e-01 -2.0954759821273874e-11 0.0000000000000000e+00 0.0000000000000000e+00 3.4201328801571869e+00 5.0000000000008633e+00
-3.2672356174296796e-01 -1.7462317198296322e-12 0.0000000000000000e+00 0.0000000000000000e+00 3.4201328801571869e+00 5.0000000000008633e+00
-3.2672356174296796e-01 -1.4552104470927866e-13 0.0000000000000000e+00 0.0000000000000000e+00 3.4201328801571869e+00 5.0000000000008633e+00
-3.2672356174296796e-01 -1.4552104470927866e-13 0.0000000000000000e+00 0.0000000000000000e+00 3.4201328801571869e+00 5.0000000000008633e+00
-3.2672356174296796e-01 -4.5476627514256563e-14 0.0000000000000000e+00 0.0000000000000000e+00 3.4201328801571869e+00 5.0000000000008633e+00
-3.2672356174296796e-01 -2.0465523215501039e-14 0.0000000000000000e+00 0.0000000000000000e+00 3.4201328801571869e+00 5.0000000000008633e+00
-3.2672356174296796e-01 -1.7071949914343968e-15 0.0000000000000000e+00 0.0000000000000000e+00 3.4201328801571869e+00 5.0000000000008633e+00
-3.2672356174296796e-01 -1.4400097276217654e-16 0.0000000000000000e+00 0.0000000000000000e+00 3.4201328801571869e+00 5.0000000000008633e+00
-3.2672356174296796e-01 -1.4400097276217654e-16 0.0000000000000000e+00 0.0000000000000000e+00 3.4201328801571869e+00 5.0000000000008633e+00
-3.2672356174296796e-01 -4.6301346595162773e-17 0.0000000000000000e+00 0.0000000000000000e+00 3.4201328801571869e+00 5.0000000000008633e+00
-3.2672356174296796e-01 -2.1876440053409332e-17 0.0000000000000000e+00 0.0000000000000000e+00 3.4201328801571869e+00 5.0000000000008633e+00
-3.2672356174296796e-01 -3.5577601470942514e-18 0.0000000000000000e+00 0.0000000000000000e+00 3.4201328801571869e+00 5.0000000000008633e+00
