-4.7500000000000001e-02 1.4917675646014278e-01 0.0000000000000000e+00 0.0000000000000000e+00 6.2831853063202754e+00 9.9999999999997018e-03
-8.1249999999999933e-03 1.4165455674269228e-01 0.0000000000000000e+00 0.0000000000000000e+00 6.2831853066660619e+00 9.9999999999996741e-03
-1.5624999999999944e-03 1.4142998763794676e-01 0.0000000000000000e+00 0.0000000000000000e+00 6.2831853068337695e+00 9.9999999999996810e-03
-7.4218749999999459e-04 1.4142330374493958e-01 0.0000000000000000e+00 0.0000000000000000e+00 6.2831853068379795e+00 9.9999999999996880e-03
-1.2695312499999469e-04 1.4142141321983676e-01 0.0000000000000000e+00 0.0000000000000000e+00 6.2831853068396679e+00 9.9999999999996810e-03
-2.4414062499994709e-05 1.4142135834465192e-01 0.0000000000000000e+00 0.0000000000000000e+00 6.2831853068398500e+00 9.9999999999996775e-03
-1.1596679687494711e-05 1.4142135671277864e-01 0.0000000000000000e+00 0.0000000000000000e+00 6.2831853068398580e+00 9.9999999999996828e-03
-1.9836425781197129e-06 1.4142135625122126e-01 0.0000000000000000e+00 0.0000000000000000e+00 6.2831853068398571e+00 9.9999999999996793e-03
-3.8146972655721316e-07 1.4142135623782398e-01 0.0000000000000000e+00 0.0000000000000000e+00 6.2831853068398589e+00 9.9999999999996741e-03
-1.8119812011190069e-07 1.4142135623742558e-01 0.0000000000000000e+00 0.0000000000000000e+00 6.2831853068398598e+00 9.9999999999996897e-03
-3.0994415277916343e-08 1.4142135623731292e-01 0.0000000000000000e+00 0.0000000000000000e+00 6.2831853068398589e+00 9.9999999999996897e-03
-5.9604644722522852e-09 1.4142135623730964e-01 0.0000000000000000e+00 0.0000000000000000e+00 6.2831853068398580e+00 9.9999999999997070e-03
-2.8312206215442779e-09 1.4142135623730953e-01 0.0000000000000000e+00 0.0000000000000000e+00 6.2831853068398589e+00 9.9999999999996741e-03
-4.8428773351327244e-10 1.4142135623730950e-01 0.0000000000000000e+00 0.0000000000000000e+00 6.2831853068398598e+00 9.9999999999997018e-03
-9.3132252174771528e-11 1.4142135623730950e-01 0.0000000000000000e+00 0.0000000000000000e+00 6.2831853068398598e+00 9.9999999999997018e-03
-4.4237817007458914e-11 1.4142135623730950e-01 0.0000000000000000e+00 0.0000000000000000e+00 6.2831853068398598e+00 9.9999999999997018e-03
-7.5669906319744539e-12 1.4142135623730950e-01 0.0000000000000000e+00 0.0000000000000000e+00 6.2831853068398598e+00 9.9999999999997018e-03
-1.4551862360603772e-12 1.4142135623730950e-01 0.0000000000000000e+00 0.0000000000000000e+00 6.2831853068398598e+00 9.9999999999997018e-03
-6.9121068657111761e-13 1.4142135623730950e-01 0.0000000000000000e+00 0.0000000000000000e+00 6.2831853068398598e+00 9.9999999999997018e-03
-1.1822902445417291e-13 1.4142135623730950e-01 0.0000000000000000e+00 0.0000000000000000e+00 6.2831853068398598e+00 9.9999999999997018e-03
-2.2732080768015463e-14 1.4142135623730950e-01 0.0000000000000000e+00 0.0000000000000000e+00 6.2831853068398598e+00 9.9999999999997018e-03
-1.0794962807245782e-14 1.4142135623730950e-01 0.0000000000000000e+00 0.0000000000000000e+00 6.2831853068398598e+00 9.9999999999997018e-03
-1.8421243366685213e-15 1.4142135623730950e-01 0.0000000000000000e+00 0.0000000000000000e+00 6.2831853068398598e+00 9.9999999999997018e-03
-3.4998459157231119e-16 1.4142135623730950e-01 0.0000000000000000e+00 0.0000000000000000e+00 6.2831853068398598e+00 9.9999999999997018e-03
-1.6346712343528492e-16 1.4142135623730950e-01 0.0000000000000000e+00 0.0000000000000000e+00 6.2831853068398598e+00 9.9999999999997018e-03
-2.3579022332515224e-17 1.4142135623730950e-01 0.0000000000000000e+00 0.0000000000000000e+00 6.2831853068398598e+00 9.9999999999997018e-03
-2.6433881538694109e-19 1.4142135623730950e-01 0.0000000000000000e+00 0.0000000000000000e+00 6.2831853068398598e+00 9.9999999999997018e-03
-2.6433881538694109e-19 1.4142135623730950e-01 0.0000000000000000e+00 0.0000000000000000e+00 6.2831853068398598e+00 9.9999999999997018e-03
-2.6433881538694109e-19 1.4142135623730950e-01 0.0000000000000000e+00 0.0000000000000000e+00 6.2831853068398598e+00 9.9999999999997018e-03
-8.2192850409376380e-20 1.4142135623730950e-01 0.0000000000000000e+00 0.0000000000000000e+00 6.2831853068398598e+00 9.9999999999997018e-03
