-1.2499999999999997e-02 -4.2768917742650336e-01 0.0000000000000000e+00 0.0000000000000000e+00 5.9210790922910483e+00 9.9999999999996370e-02
1.5625000000000007e-02 -4.2521747606636023e-01 0.0000000000000000e+00 0.0000000000000000e+00 5.9676647351505592e+00 9.9999999999996356e-02
2.0312500000000008e-02 -4.2495440983523736e-01 0.0000000000000000e+00 0.0000000000000000e+00 5.9757186508560354e+00 9.9999999999996259e-02
2.0898437500000009e-02 -4.2492451007079818e-01 0.0000000000000000e+00 0.0000000000000000e+00 5.9767297931881682e+00 9.9999999999996342e-02
2.1191406250000010e-02 -4.2490980863280764e-01 0.0000000000000000e+00 0.0000000000000000e+00 5.9772357095652788e+00 9.9999999999996481e-02
2.1191406250000010e-02 -4.2490980863280764e-01 0.0000000000000000e+00 0.0000000000000000e+00 5.9772357095652788e+00 9.9999999999996481e-02
2.1191406250000010e-02 -4.2490980863280764e-01 0.0000000000000000e+00 0.0000000000000000e+00 5.9772357095652788e+00 9.9999999999996481e-02
2.1195983886718759e-02 -4.2490958023687420e-01 0.0000000000000000e+00 0.0000000000000000e+00 5.9772436163162448e+00 9.9999999999996342e-02
2.1195983886718759e-02 -4.2490958023687420e-01 0.0000000000000000e+00 0.0000000000000000e+00 5.9772436163162448e+00 9.9999999999996342e-02
2.1196269989013680e-02 -4.2490956596347079e-01 0.0000000000000000e+00 0.0000000000000000e+00 5.9772441104900196e+00 9.9999999999996425e-02
2.1196377277374279e-02 -4.2490956061098517e-01 0.0000000000000000e+00 0.0000000000000000e+00 5.9772442958052414e+00 9.9999999999996425e-02
2.1196395158767711e-02 -4.2490955971890643e-01 0.0000000000000000e+00 0.0000000000000000e+00 5.9772443266911166e+00 9.9999999999996453e-02
2.1196399629116069e-02 -4.2490955949588682e-01 0.0000000000000000e+00 0.0000000000000000e+00 5.9772443344125845e+00 9.9999999999996272e-02
2.1196400746703158e-02 -4.2490955944013198e-01 0.0000000000000000e+00 0.0000000000000000e+00 5.9772443363429515e+00 9.9999999999996536e-02
2.1196401026099931e-02 -4.2490955942619324e-01 0.0000000000000000e+00 0.0000000000000000e+00 5.9772443368255459e+00 9.9999999999996370e-02
2.1196401061024529e-02 -4.2490955942445091e-01 0.0000000000000000e+00 0.0000000000000000e+00 5.9772443368858665e+00 9.9999999999996481e-02
2.1196401061024529e-02 -4.2490955942445091e-01 0.0000000000000000e+00 0.0000000000000000e+00 5.9772443368858665e+00 9.9999999999996481e-02
2.1196401067572888e-02 -4.2490955942412423e-01 0.0000000000000000e+00 0.0000000000000000e+00 5.9772443368971793e+00 9.9999999999996328e-02
2.1196401068664283e-02 -4.2490955942406977e-01 0.0000000000000000e+00 0.0000000000000000e+00 5.9772443368990640e+00 9.9999999999996314e-02
2.1196401068800708e-02 -4.2490955942406300e-01 0.0000000000000000e+00 0.0000000000000000e+00 5.9772443368993002e+00 9.9999999999996231e-02
2.1196401068903026e-02 -4.2490955942405789e-01 0.0000000000000000e+00 0.0000000000000000e+00 5.9772443368994779e+00 9.9999999999996272e-02
2.1196401068911554e-02 -4.2490955942405745e-01 0.0000000000000000e+00 0.0000000000000000e+00 5.9772443368994921e+00 9.9999999999996314e-02
2.1196401068917948e-02 -4.2490955942405711e-01 0.0000000000000000e+00 0.0000000000000000e+00 5.9772443368995019e+00 9.9999999999996342e-02
2.1196401068918479e-02 -4.2490955942405706e-01 0.0000000000000000e+00 0.0000000000000000e+00 5.9772443368995036e+00 9.9999999999996383e-02
2.1196401068918479e-02 -4.2490955942405706e-01 0.0000000000000000e+00 0.0000000000000000e+00 5.9772443368995036e+00 9.9999999999996383e-02
2.1196401068918576e-02 -4.2490955942405706e-01 0.0000000000000000e+00 0.0000000000000000e+00 5.9772443368995054e+00 9.9999999999996342e-02
2.1196401068918604e-02 -4.2490955942405706e-01 0.0000000000000000e+00 0.0000000000000000e+00 5.9772443368995045e+00 9.9999999999996328e-02
