-7.4166666666666686e-03 1.4142330095962130e+00 0.0000000000000000e+00 0.0000000000000000e+00 6.2831853071126789e+00 9.9999999999997302e-01
-4.5833333333334531e-04 1.4142136366438496e+00 0.0000000000000000e+00 0.0000000000000000e+00 6.2831853071223422e+00 9.9999999999997102e-01
2.4884259259246369e-05 1.4142135625920247e+00 0.0000000000000000e+00 0.0000000000000000e+00 6.2831853071223849e+00 9.9999999999997191e-01
0.0000000000000000e+00 0.0000000000000000e+00 0.0000000000000000e+00 0.0000000000000000e+00 0.0000000000000000e+00 0.0000000000000000e+00
7.2337962961676390e-07 1.4142135623732801e+00 0.0000000000000000e+00 0.0000000000000000e+00 6.2831853071223849e+00 9.9999999999997180e-01
0.0000000000000000e+00 0.0000000000000000e+00 0.0000000000000000e+00 0.0000000000000000e+00 0.0000000000000000e+00 0.0000000000000000e+00
-5.3168402777906341e-06 1.4142135623830896e+00 0.0000000000000000e+00 0.0000000000000000e+00 6.2831853071223858e+00 9.9999999999997191e-01
2.2002797066614487e-07 1.4142135623731122e+00 0.0000000000000000e+00 0.0000000000000000e+00 6.2831853071223849e+00 9.9999999999997191e-01
0.0000000000000000e+00 0.0000000000000000e+00 0.0000000000000000e+00 0.0000000000000000e+00 0.0000000000000000e+00 0.0000000000000000e+00
-3.1647858809163382e-08 1.4142135623730954e+00 0.0000000000000000e+00 0.0000000000000000e+00 6.2831853071223858e+00 9.9999999999997247e-01
0.0000000000000000e+00 0.0000000000000000e+00 0.0000000000000000e+00 0.0000000000000000e+00 0.0000000000000000e+00 0.0000000000000000e+00
-1.8838012474985124e-10 1.4142135623730951e+00 0.0000000000000000e+00 0.0000000000000000e+00 6.2831853071223849e+00 9.9999999999997169e-01
0.0000000000000000e+00 0.0000000000000000e+00 0.0000000000000000e+00 0.0000000000000000e+00 0.0000000000000000e+00 0.0000000000000000e+00
-1.8838012474985124e-10 1.4142135623730951e+00 0.0000000000000000e+00 0.0000000000000000e+00 6.2831853071223849e+00 9.9999999999997169e-01
-1.8838012474985124e-10 1.4142135623730951e+00 0.0000000000000000e+00 0.0000000000000000e+00 6.2831853071223849e+00 9.9999999999997169e-01
-6.3229564372729372e-12 1.4142135623730951e+00 0.0000000000000000e+00 0.0000000000000000e+00 6.2831853071223849e+00 9.9999999999997169e-01
0.0000000000000000e+00 0.0000000000000000e+00 0.0000000000000000e+00 0.0000000000000000e+00 0.0000000000000000e+00 0.0000000000000000e+00
-1.7715272294584835e-12 1.4142135623730951e+00 0.0000000000000000e+00 0.0000000000000000e+00 6.2831853071223849e+00 9.9999999999997169e-01
0.0000000000000000e+00 0.0000000000000000e+00 0.0000000000000000e+00 0.0000000000000000e+00 0.0000000000000000e+00 0.0000000000000000e+00
-6.3366992750486690e-13 1.4142135623730951e+00 0.0000000000000000e+00 0.0000000000000000e+00 6.2831853071223849e+00 9.9999999999997169e-01
-6.4741276528059383e-14 1.4142135623730951e+00 0.0000000000000000e+00 0.0000000000000000e+00 6.2831853071223849e+00 9.9999999999997169e-01
0.0000000000000000e+00 0.0000000000000000e+00 0.0000000000000000e+00 0.0000000000000000e+00 0.0000000000000000e+00 0.0000000000000000e+00
-1.7330555613325389e-14 1.4142135623730951e+00 0.0000000000000000e+00 0.0000000000000000e+00 6.2831853071223849e+00 9.9999999999997169e-01
2.4239114344804192e-15 1.4142135623730951e+00 0.0000000000000000e+00 0.0000000000000000e+00 6.2831853071223849e+00 9.9999999999997169e-01
