-2.4657751963088084e-01 -2.2500000000000003e-02 0.0000000000000000e+00 0.0000000000000000e+00 2.9609789722720876e+00 2.9999999999999791e+00
-2.4642774775300283e-01 -1.8750000000000017e-03 0.0000000000000000e+00 0.0000000000000000e+00 2.9619153755008805e+00 2.9999999999999813e+00
-2.4642670688053250e-01 -1.5625000000000187e-04 0.0000000000000000e+00 0.0000000000000000e+00 2.9619219127839256e+00 2.9999999999999751e+00
-2.4642670688053250e-01 -1.5625000000000187e-04 0.0000000000000000e+00 0.0000000000000000e+00 2.9619219127839256e+00 2.9999999999999751e+00
-2.4642670031249256e-01 -4.8828125000001887e-05 0.0000000000000000e+00 0.0000000000000000e+00 2.9619219540363257e+00 2.9999999999999760e+00
-2.4642669974560810e-01 -2.1972656250001890e-05 0.0000000000000000e+00 0.0000000000000000e+00 2.9619219575968021e+00 2.9999999999999809e+00
-2.4642669960266531e-01 -1.8310546875018922e-06 0.0000000000000000e+00 0.0000000000000000e+00 2.9619219584945951e+00 2.9999999999999765e+00
-2.4642669960167263e-01 -1.5258789062689241e-07 0.0000000000000000e+00 0.0000000000000000e+00 2.9619219585008305e+00 2.9999999999999765e+00
-2.4642669960167263e-01 -1.5258789062689241e-07 0.0000000000000000e+00 0.0000000000000000e+00 2.9619219585008305e+00 2.9999999999999765e+00
-2.4642669960166641e-01 -4.7683715822204920e-08 0.0000000000000000e+00 0.0000000000000000e+00 2.9619219585008705e+00 2.9999999999999751e+00
-2.4642669960166591e-01 -2.1457672121033048e-08 0.0000000000000000e+00 0.0000000000000000e+00 2.9619219585008718e+00 2.9999999999999769e+00
-2.4642669960166574e-01 -1.7881393451541441e-09 0.0000000000000000e+00 0.0000000000000000e+00 2.9619219585008727e+00 2.9999999999999765e+00
-2.4642669960166574e-01 -1.4901161383090215e-10 0.0000000000000000e+00 0.0000000000000000e+00 2.9619219585008727e+00 2.9999999999999751e+00
-2.4642669960166574e-01 -1.4901161383090215e-10 0.0000000000000000e+00 0.0000000000000000e+00 2.9619219585008727e+00 2.9999999999999751e+00
-2.4642669960166574e-01 -4.6566130623199530e-11 0.0000000000000000e+00 0.0000000000000000e+00 2.9619219585008727e+00 2.9999999999999751e+00
-2.4642669960166574e-01 -2.0954759821273874e-11 0.0000000000000000e+00 0.0000000000000000e+00 2.9619219585008727e+00 2.9999999999999751e+00
-2.4642669960166574e-01 -1.7462317198296322e-12 0.0000000000000000e+00 0.0000000000000000e+00 2.9619219585008727e+00 2.9999999999999751e+00
-2.4642669960166574e-01 -1.4552104470927866e-13 0.0000000000000000e+00 0.0000000000000000e+00 2.9619219585008727e+00 2.9999999999999751e+00
-2.4642669960166574e-01 -1.4552104470927866e-13 0.0000000000000000e+00 0.0000000000000000e+00 2.9619219585008727e+00 2.9999999999999751e+00
-2.4642669960166574e-01 -4.5476627514256563e-14 0.0000000000000000e+00 0.0000000000000000e+00 2.9619219585008727e+00 2.9999999999999751e+00
-2.4642669960166574e-01 -2.0465523215501039e-14 0.0000000000000000e+00 0.0000000000000000e+00 2.9619219585008727e+00 2.9999999999999751e+00
-2.4642669960166574e-01 -1.7071949914343968e-15 0.0000000000000000e+00 0.0000000000000000e+00 2.9619219585008727e+00 2.9999999999999751e+00
-2.4642669960166574e-01 -1.4400097276217654e-16 0.0000000000000000e+00 0.0000000000000000e+00 2.9619219585008727e+00 2.9999999999999751e+00
-2.4642669960166574e-01 -1.4400097276217654e-16 0.0000000000000000e+00 0.0000000000000000e+00 2.9619219585008727e+00 2.9999999999999751e+00
-2.4642669960166574e-01 -4.6301346595162773e-17 0.0000000000000000e+00 0.0000000000000000e+00 2.9619219585008727e+00 2.9999999999999751e+00
-2.4642669960166574e-01 -2.1876440053409332e-17 0.0000000000000000e+00 0.0000000000000000e+00 2.9619219585008727e+00 2.9999999999999751e+00
-2.4642669960166574e-01 -3.5577601470942514e-18 0.0000000000000000e+00 0.0000000000000000e+00 2.9619219585008727e+00 2.9999999999999751e+00
