-1.2499999999999997e-02 4.4738824056178406e-01 0.0000000000000000e+00 0.0000000000000000e+00 6.2831853068780266e+00 9.9999999999996994e-02
-8.3333333333331962e-04 4.4721437191150659e-01 0.0000000000000000e+00 0.0000000000000000e+00 6.2831853069383108e+00 9.9999999999997036e-02
1.7361111111125209e-05 4.4721359583694253e-01 0.0000000000000000e+00 0.0000000000000000e+00 6.2831853069393118e+00 9.9999999999997022e-02
0.0000000000000000e+00 0.0000000000000000e+00 0.0000000000000000e+00 0.0000000000000000e+00 0.0000000000000000e+00 0.0000000000000000e+00
-1.3020833333319214e-05 4.4721359568951180e-01 0.0000000000000000e+00 0.0000000000000000e+00 6.2831853069393144e+00 9.9999999999997022e-02
-3.6168981480068581e-07 4.4721359550010420e-01 0.0000000000000000e+00 0.0000000000000000e+00 6.2831853069393144e+00 9.9999999999996897e-02
0.0000000000000000e+00 0.0000000000000000e+00 0.0000000000000000e+00 0.0000000000000000e+00 0.0000000000000000e+00 0.0000000000000000e+00
-3.6168981480068750e-07 4.4721359550010420e-01 0.0000000000000000e+00 0.0000000000000000e+00 6.2831853069393144e+00 9.9999999999996897e-02
7.5352044894363824e-09 4.4721359549995804e-01 0.0000000000000000e+00 0.0000000000000000e+00 6.2831853069393144e+00 9.9999999999996897e-02
0.0000000000000000e+00 0.0000000000000000e+00 0.0000000000000000e+00 0.0000000000000000e+00 0.0000000000000000e+00 0.0000000000000000e+00
-5.6514033423536921e-09 4.4721359549995798e-01 0.0000000000000000e+00 0.0000000000000000e+00 6.2831853069393135e+00 9.9999999999997091e-02
0.0000000000000000e+00 0.0000000000000000e+00 0.0000000000000000e+00 0.0000000000000000e+00 0.0000000000000000e+00 0.0000000000000000e+00
-2.3547513844061536e-09 4.4721359549995793e-01 0.0000000000000000e+00 0.0000000000000000e+00 6.2831853069393127e+00 9.9999999999997091e-02
-1.5698341244113003e-10 4.4721359549995793e-01 0.0000000000000000e+00 0.0000000000000000e+00 6.2831853069393127e+00 9.9999999999997036e-02
0.0000000000000000e+00 0.0000000000000000e+00 0.0000000000000000e+00 0.0000000000000000e+00 0.0000000000000000e+00 0.0000000000000000e+00
-1.9622914193316343e-11 4.4721359549995793e-01 0.0000000000000000e+00 0.0000000000000000e+00 6.2831853069393127e+00 9.9999999999997036e-02
2.0440564462296043e-11 4.4721359549995793e-01 0.0000000000000000e+00 0.0000000000000000e+00 6.2831853069393127e+00 9.9999999999997036e-02
