9.4999999999999987e-02 -2.6895387469526169e+00 0.0000000000000000e+00 0.0000000000000000e+00 5.9668191658969443e+00 3.9999999999998836e+00
1.2687500000000002e-01 -2.6877089539699401e+00 0.0000000000000000e+00 0.0000000000000000e+00 5.9750285805827765e+00 3.9999999999998757e+00
1.3484375000000001e-01 -2.6872977613449032e+00 0.0000000000000000e+00 0.0000000000000000e+00 5.9771122379640573e+00 3.9999999999998761e+00
1.3484375000000001e-01 -2.6872977613449032e+00 0.0000000000000000e+00 0.0000000000000000e+00 5.9771122379640573e+00 3.9999999999998761e+00
1.3484375000000001e-01 -2.6872977613449032e+00 0.0000000000000000e+00 0.0000000000000000e+00 5.9771122379640573e+00 3.9999999999998761e+00
1.3496826171875001e-01 -2.6872914815198983e+00 0.0000000000000000e+00 0.0000000000000000e+00 5.9771448163201759e+00 3.9999999999998805e+00
1.3499938964843750e-01 -2.6872899122592049e+00 0.0000000000000000e+00 0.0000000000000000e+00 5.9771529609334495e+00 3.9999999999998810e+00
1.3500198364257812e-01 -2.6872897815000387e+00 0.0000000000000000e+00 0.0000000000000000e+00 5.9771536396516325e+00 3.9999999999998752e+00
1.3500392913818360e-01 -2.6872896834319313e+00 0.0000000000000000e+00 0.0000000000000000e+00 5.9771541486903104e+00 3.9999999999998876e+00
1.3500425338745117e-01 -2.6872896670873518e+00 0.0000000000000000e+00 0.0000000000000000e+00 5.9771542335300936e+00 3.9999999999998788e+00
1.3500437498092652e-01 -2.6872896609581431e+00 0.0000000000000000e+00 0.0000000000000000e+00 5.9771542653450140e+00 3.9999999999998783e+00
1.3500439524650576e-01 -2.6872896599366087e+00 0.0000000000000000e+00 0.0000000000000000e+00 5.9771542706474987e+00 3.9999999999998836e+00
1.3500439777970316e-01 -2.6872896598089167e+00 0.0000000000000000e+00 0.0000000000000000e+00 5.9771542713103116e+00 3.9999999999998725e+00
1.3500439777970316e-01 -2.6872896598089167e+00 0.0000000000000000e+00 0.0000000000000000e+00 5.9771542713103116e+00 3.9999999999998725e+00
1.3500439809635284e-01 -2.6872896597929552e+00 0.0000000000000000e+00 0.0000000000000000e+00 5.9771542713931609e+00 3.9999999999998792e+00
1.3500439809635284e-01 -2.6872896597929552e+00 0.0000000000000000e+00 0.0000000000000000e+00 5.9771542713931609e+00 3.9999999999998792e+00
1.3500439812603876e-01 -2.6872896597914591e+00 0.0000000000000000e+00 0.0000000000000000e+00 5.9771542714009289e+00 3.9999999999998748e+00
1.3500439812851259e-01 -2.6872896597913338e+00 0.0000000000000000e+00 0.0000000000000000e+00 5.9771542714015764e+00 3.9999999999998836e+00
1.3500439812851259e-01 -2.6872896597913338e+00 0.0000000000000000e+00 0.0000000000000000e+00 5.9771542714015764e+00 3.9999999999998836e+00
1.3500439812897641e-01 -2.6872896597913112e+00 0.0000000000000000e+00 0.0000000000000000e+00 5.9771542714016963e+00 3.9999999999998805e+00
1.3500439812901507e-01 -2.6872896597913085e+00 0.0000000000000000e+00 0.0000000000000000e+00 5.9771542714017061e+00 3.9999999999998868e+00
1.3500439812901507e-01 -2.6872896597913085e+00 0.0000000000000000e+00 0.0000000000000000e+00 5.9771542714017061e+00 3.9999999999998868e+00
1.3500439812901990e-01 -2.6872896597913081e+00 0.0000000000000000e+00 0.0000000000000000e+00 5.9771542714017087e+00 3.9999999999998748e+00
1.3500439812902051e-01 -2.6872896597913081e+00 0.0000000000000000e+00 0.0000000000000000e+00 5.9771542714017087e+00 3.9999999999998823e+00
1.3500439812902065e-01 -2.6872896597913081e+00 0.0000000000000000e+00 0.0000000000000000e+00 5.9771542714017087e+00 3.9999999999998788e+00
1.3500439812902076e-01 -2.6872896597913081e+00 0.0000000000000000e+00 0.0000000000000000e+00 5.9771542714017087e+00 3.9999999999998765e+00
1.3500439812902076e-01 -2.6872896597913081e+00 0.0000000000000000e+00 0.0000000000000000e+00 5.9771542714017087e+00 3.9999999999998765e+00
1.3500439812902076e-01 -2.6872896597913081e+00 0.0000000000000000e+00 0.0000000000000000e+00 5.9771542714017087e+00 3.9999999999998765e+00
1.3500439812902076e-01 -2.6872896597913081e+00 0.0000000000000000e+00 0.0000000000000000e+00 5.9771542714017087e+00 3.9999999999998765e+00
1.3500439812902076e-01 -2.6872896597913081e+00 0.0000000000000000e+00 0.0000000000000000e+00 5.9771542714017087e+00 3.9999999999998765e+00
