-4.2601977029304117e-01 -2.2500000000000003e-02 0.0000000000000000e+00 0.0000000000000000e+00 5.9151099268857319e+00 8.9999999999999414e+00
-4.2594487005086584e-01 -1.8750000000000017e-03 0.0000000000000000e+00 0.0000000000000000e+00 5.9237825624118976e+00 8.9999999999999734e+00
-4.2594434961393984e-01 -1.5625000000000187e-04 0.0000000000000000e+00 0.0000000000000000e+00 5.9238434904802011e+00 8.9999999999999769e+00
-4.2594434961393984e-01 -1.5625000000000187e-04 0.0000000000000000e+00 0.0000000000000000e+00 5.9238434904802011e+00 8.9999999999999769e+00
-4.2594434632991979e-01 -4.8828125000001887e-05 0.0000000000000000e+00 0.0000000000000000e+00 5.9238438749732394e+00 8.9999999999999662e+00
-4.2594434604647763e-01 -2.1972656250001890e-05 0.0000000000000000e+00 0.0000000000000000e+00 5.9238439081586769e+00 8.9999999999999556e+00
-4.2594434597500624e-01 -1.8310546875018922e-06 0.0000000000000000e+00 0.0000000000000000e+00 5.9238439165265522e+00 8.9999999999999662e+00
-4.2594434597450986e-01 -1.5258789062689241e-07 0.0000000000000000e+00 0.0000000000000000e+00 5.9238439165846648e+00 8.9999999999999574e+00
-4.2594434597450986e-01 -1.5258789062689241e-07 0.0000000000000000e+00 0.0000000000000000e+00 5.9238439165846648e+00 8.9999999999999574e+00
-4.2594434597450670e-01 -4.7683715822204920e-08 0.0000000000000000e+00 0.0000000000000000e+00 5.9238439165850147e+00 8.9999999999999538e+00
-4.2594434597450642e-01 -2.1457672121033048e-08 0.0000000000000000e+00 0.0000000000000000e+00 5.9238439165850689e+00 8.9999999999999574e+00
-4.2594434597450642e-01 -1.7881393451541441e-09 0.0000000000000000e+00 0.0000000000000000e+00 5.9238439165850734e+00 8.9999999999999627e+00
-4.2594434597450642e-01 -1.4901161383090215e-10 0.0000000000000000e+00 0.0000000000000000e+00 5.9238439165850583e+00 8.9999999999999556e+00
-4.2594434597450642e-01 -1.4901161383090215e-10 0.0000000000000000e+00 0.0000000000000000e+00 5.9238439165850583e+00 8.9999999999999556e+00
-4.2594434597450642e-01 -4.6566130623199530e-11 0.0000000000000000e+00 0.0000000000000000e+00 5.9238439165850583e+00 8.9999999999999556e+00
-4.2594434597450642e-01 -2.0954759821273874e-11 0.0000000000000000e+00 0.0000000000000000e+00 5.9238439165850583e+00 8.9999999999999556e+00
-4.2594434597450642e-01 -1.7462317198296322e-12 0.0000000000000000e+00 0.0000000000000000e+00 5.9238439165850583e+00 8.9999999999999556e+00
-4.2594434597450642e-01 -1.4552104470927866e-13 0.0000000000000000e+00 0.0000000000000000e+00 5.9238439165850583e+00 8.9999999999999556e+00
-4.2594434597450642e-01 -1.4552104470927866e-13 0.0000000000000000e+00 0.0000000000000000e+00 5.9238439165850583e+00 8.9999999999999556e+00
-4.2594434597450642e-01 -4.5476627514256563e-14 0.0000000000000000e+00 0.0000000000000000e+00 5.9238439165850583e+00 8.9999999999999556e+00
-4.2594434597450642e-01 -2.0465523215501039e-14 0.0000000000000000e+00 0.0000000000000000e+00 5.9238439165850583e+00 8.9999999999999556e+00
-4.2594434597450642e-01 -1.7071949914343968e-15 0.0000000000000000e+00 0.0000000000000000e+00 5.9238439165850583e+00 8.9999999999999556e+00
-4.2594434597450642e-01 -1.4400097276217654e-16 0.0000000000000000e+00 0.0000000000000000e+00 5.9238439165850583e+00 8.9999999999999556e+00
-4.2594434597450642e-01 -1.4400097276217654e-16 0.0000000000000000e+00 0.0000000000000000e+00 5.9238439165850583e+00 8.9999999999999556e+00
-4.2594434597450642e-01 -4.6301346595162773e-17 0.0000000000000000e+00 0.0000000000000000e+00 5.9238439165850583e+00 8.9999999999999556e+00
-4.2594434597450642e-01 -2.1876440053409332e-17 0.0000000000000000e+00 0.0000000000000000e+00 5.9238439165850583e+00 8.9999999999999556e+00
-4.2594434597450642e-01 -3.5577601470942514e-18 0.0000000000000000e+00 0.0000000000000000e+00 5.9238439165850583e+00 8.9999999999999556e+00
