-1.2499999999999997e-02 1.4197266565423342e-01 0.0000000000000000e+00 0.0000000000000000e+00 6.2831853064173950e+00 9.9999999999996723e-03
-8.3333333333331962e-04 1.4142381144702373e-01 0.0000000000000000e+00 0.0000000000000000e+00 6.2831853068376633e+00 9.9999999999996862e-03
-1.0416666666665259e-04 1.4142139460030220e-01 0.0000000000000000e+00 0.0000000000000000e+00 6.2831853068397292e+00 9.9999999999996793e-03
0.0000000000000000e+00 0.0000000000000000e+00 0.0000000000000000e+00 0.0000000000000000e+00 0.0000000000000000e+00 0.0000000000000000e+00
-1.3020833333319187e-05 1.4142135683673135e-01 0.0000000000000000e+00 0.0000000000000000e+00 6.2831853068398553e+00 9.9999999999996862e-03
-3.6168981480065532e-07 1.4142135623777202e-01 0.0000000000000000e+00 0.0000000000000000e+00 6.2831853068398607e+00 9.9999999999996723e-03
0.0000000000000000e+00 0.0000000000000000e+00 0.0000000000000000e+00 0.0000000000000000e+00 0.0000000000000000e+00 0.0000000000000000e+00
-3.6168981480065489e-07 1.4142135623777202e-01 0.0000000000000000e+00 0.0000000000000000e+00 6.2831853068398607e+00 9.9999999999997070e-03
-4.5211226837691517e-08 1.4142135623731672e-01 0.0000000000000000e+00 0.0000000000000000e+00 6.2831853068398589e+00 9.9999999999996758e-03
-1.2558673983910896e-09 1.4142135623730950e-01 0.0000000000000000e+00 0.0000000000000000e+00 6.2831853068398598e+00 9.9999999999996984e-03
0.0000000000000000e+00 0.0000000000000000e+00 0.0000000000000000e+00 0.0000000000000000e+00 0.0000000000000000e+00 0.0000000000000000e+00
9.4190057357392946e-10 1.4142135623730950e-01 0.0000000000000000e+00 0.0000000000000000e+00 6.2831853068398598e+00 9.9999999999997018e-03
0.0000000000000000e+00 0.0000000000000000e+00 0.0000000000000000e+00 0.0000000000000000e+00 0.0000000000000000e+00 0.0000000000000000e+00
3.9245858058267428e-10 1.4142135623730950e-01 0.0000000000000000e+00 0.0000000000000000e+00 6.2831853068398598e+00 9.9999999999997018e-03
